7015
6946
7046
6941
7145
7063
7000
7097
6955
6955
6992
7018
7120
7043
7052
7101
6984
6982
7052
6951
7009
6990
7089
6992
7009
7090
6992
7103
7078
7076
6994
7097
6952
7101
6971
7006
7003
7057
6971
6991
7004
7013
7109
7076
7105
6991
7080
7034
7020
7105
7101
7137
7089
7018
6983
7009
7005
7061
6951
7024
7017
6977
7093
6921
6993
7012
7044
7047
7073
7380
7083
7125
7148
7016
7100
7092
7052
7078
7027
7074
7058
7079
7075
6949
7016
6981
6999
7012
7054
6991
6978
6997
7041
7032
7076
7076
7052
7014
6953
7009
6987
7057
7028
7033
7046
7070
6988
7066
7004
7101
7021
7087
6991
7062
6981
6938
7100
7053
7069
7096
6994
6988
7095
7075
7076
7040
6982
7023
7006
7068
7046
6975
7017
7043
6978
7026
7104
7152
7043
7062
7128
7028
7028
6963
6988
7039
7080
7084
7041
6964
7015
6982
7007
7061
7001
7016
7199
7098
7033
7100
6937
7028
7112
7114
7088
7143
7103
7097
7084
7085
7097
7102
7135
7138
7141
7103
7083
7153
7092
7191
7125
7037
6990
7090
6994
7058
6910
7042
7058
7113
7089
6997
6972
6993
7134
7075
6942
7042
7103
7084
7044
7014
7040
7154
7064
7048
7065
7040
7009
7129
7081
7150
7119
7169
7042
6971
7112
7108
6996
7040
6997
7124
7007
7038
7021
7072
7029
7035
7002
7036
7090
7055
7106
7070
7100
7028
7036
7077
7040
7009
7201
7075
7109
6987
6999
7048
7133
6968
7099
7127
7069
7000
7111
6923
7001
7037
7004
7080
6974
7077
7059
7046
7042
7020
7054
7071
6999
6998
6995
7033
7099
7106
7098
6905
7015
7093
7071
7149
7131
7063
7062
7021
7046
7101
6973
7138
6961
6976
7084
7055
7046
6993
6977
7067
7020
7008
7094
7179
7058
7079
6940
7033
7041
7144
7060
7125
7134
7047
7081
6997
7044
7027
7085
6992
6959
6951
7064
7071
7024
7042
7037
7135
7020
6998
7001
6885
6942
6895
7025
6967
6977
6967
6998
6994
7027
7066
6986
6965
6959
7000
7082
6992
6964
7017
7019
7062
7057
6984
7016
7072
6981
6965
7037
7075
7085
6980
7031
6921
6942
6997
6955
6982
7032
7015
6905
6904
7050
7015
6884
7045
6925
7091
7005
7380
6987
7377
7061
6982
7097
6990
6999
6979
6997
6974
7006
7047
7011
7019
6943
6971
7306
6998
6981
6899
6885
6941
6993
6939
6929
6958
7054
6942
7082
7110
7068
7067
7039
7013
6965
6989
7000
7019
7017
7087
7125
7106
7039
6996
7074
6994
7017
6945
6988
7042
7046
7011
7014
6986
6985
7014
6988
6946
6984
6965
6926
6950
7040
7039
6976
7092
7102
7005
7075
7100
6969
6962
7045
7039
7099
7357
7042
6988
6945
7077
6923
7042
7031
6971
7035
7125
7084
6996
7046
7049
7110
6981
7033
7033
7037
6982
6996
7083
7066
6997
7061
7054
6996
6980
6963
7153
7003
7028
7128
6993
7032
6991
6956
7086
7028
7024
7019
7084
7094
7066
7078
7079
7005
7010
7100
7024
7124
7022
7093
7060
7094
6963
6998
7033
7026
7044
6993
7087
7023
7090
7053
7039
7040
7038
7107
7005
6999
7010
7008
6914
7096
7098
7420
7141
7089
7079
7060
7061
7147
7110
6989
7018
7114
7100
7104
7042
7119
7112
7094
7086
7010
7086
7093
7145
7166
7177
7093
7045
7133
7030
7084
7135
7079
7160
7062
7055
7123
7138
7144
7082
7046
7074
7084
7140
7111
7047
7003
7084
7081
7063
7048
7096
7084
7047
7082
7084
7007
7041
7053
7049
7036
7128
7172
7131
7073
7099
7078
7065
7028
7045
7037
7103
7043
7076
7092
7066
7073
7102
6991
6979
7409
7053
6976
6935
7004
7103
7085
7021
7059
7044
7043
7335
7063
7024
7028
6989
6977
7132
7180
6998
7027
7149
7091
6998
6992
7050
7060
7035
7013
7056
7014
7053
7059
7055
6978
7076
7008
7025
6961
7079
7059
7036
7127
7067
7056
7355
7032
7028
7085
6974
6978
7043
7122
7016
7107
7340
7037
7028
7063
7367
7107
7005
6980
7009
6997
7010
6990
6888
7100
7028
6975
7026
6966
7069
7034
7064
7001
7086
7039
6941
6971
7036
7069
7073
7087
7010
6937
7042
7089
7041
7013
7067
7049
7047
7136
7108
7057
7056
6979
7063
7113
7322
7210
6995
7012
6986
7001
6961
7008
6976
7036
6976
7132
7086
7135
7042
7057
7035
7024
7117
7041
7041
7016
7089
6992
7015
7097
6990
7035
7041
7051
6992
7038
7111
7002
7066
7021
6971
6940
7027
6968
6996
7016
6992
7009
6976
6989
7027
6944
7071
