4486
4466
4540
4518
4480
4490
4490
4456
4478
4482
4502
4514
4500
4416
4510
4444
4496
4516
4480
4516
4560
4508
4502
4506
4480
4458
4554
4494
4538
4548
4544
4490
4508
4532
4470
4426
4490
4502
4556
4496
4502
4506
4516
4518
4534
4508
4496
4482
4536
4510
4484
4454
4530
4450
4478
4514
4428
4444
4398
4486
4446
4516
4456
4488
4514
4472
4532
4502
4504
4234
4558
4484
4454
4458
4428
4468
4438
4464
4466
4492
4486
4508
4488
4484
4532
4426
4486
4528
4474
4524
4432
4468
4438
4486
4484
4470
4484
4436
4486
4494
4480
4464
4462
4482
4422
4436
4484
4464
4468
4470
4470
4508
4448
4438
4452
4496
4520
4480
4456
4514
4456
4472
4466
4466
4468
4460
4488
4460
4420
4476
4450
4480
4396
4456
4494
4530
4454
4478
4478
4476
4448
4454
4466
4506
4460
4462
4452
4476
4446
4470
4540
4480
4474
4498
4450
4474
4466
4480
4506
4460
4468
4526
4446
4426
4464
4416
4514
4464
4502
4520
4444
4502
4474
4494
4500
4530
4462
4464
4468
4468
4462
4488
4528
4482
4484
4486
4526
4464
4462
4514
4564
4470
4520
4528
4472
4524
4504
4498
4552
4472
4456
4458
4534
4512
4464
4472
4444
4462
4476
4446
4494
4480
4508
4494
4458
4456
4486
4444
4468
4524
4504
4524
4528
4516
4544
4506
4530
4496
4488
4476
4526
4480
4508
4492
4464
4458
4450
4454
4442
4372
4426
4546
4514
4496
4472
4486
4480
4492
4488
4486
4474
4512
4520
4492
4554
4510
4486
4498
4450
4504
4502
4534
4478
4518
4472
4500
4512
4522
4428
4516
4472
4448
4492
4470
4472
4488
4492
4420
4464
4488
4472
4526
4522
4468
4466
4446
4480
4496
4488
4478
4454
4466
4492
4528
4462
4556
4518
4506
4502
4478
4458
4502
4508
4466
4436
4516
4484
4450
4522
4500
4488
4474
4458
4446
4440
4526
4450
4488
4472
4476
4478
4458
4494
4396
4504
4426
4498
4402
4468
4508
4456
4506
4488
4498
4476
4472
4480
4480
4476
4426
4462
4510
4512
4486
4482
4446
4468
4500
4492
4444
4458
4446
4506
4470
4496
4502
4498
4476
4434
4422
4544
4478
4460
4522
4520
4476
4482
4452
4486
4514
4472
4510
4490
4158
4464
4218
4496
4456
4528
4488
4514
4490
4516
4504
4506
4438
4520
4482
4496
4476
4176
4514
4494
4476
4486
4490
4462
4508
4482
4496
4552
4482
4492
4492
4450
4504
4470
4518
4528
4494
4530
4496
4470
4456
4486
4490
4420
4476
4410
4484
4452
4534
4488
4522
4452
4490
4476
4470
4480
4488
4474
4500
4468
4452
4478
4456
4498
4464
4456
4488
4454
4478
4510
4500
4464
4466
4502
4440
4490
4242
4440
4446
4490
4484
4472
4494
4490
4442
4526
4510
4412
4546
4446
4474
4496
4504
4512
4442
4464
4470
4466
4468
4554
4496
4498
4472
4486
4474
4490
4516
4454
4434
4516
4474
4488
4486
4522
4502
4414
4506
4460
4460
4474
4516
4496
4512
4470
4436
4502
4502
4548
4460
4482
4482
4500
4494
4466
4426
4446
4450
4488
4498
4536
4584
4486
4478
4482
4492
4490
4414
4488
4526
4438
4492
4476
4498
4220
4466
4554
4468
4482
4490
4556
4518
4534
4518
4436
4548
4500
4476
4462
4478
4492
4486
4490
4470
4480
4450
4476
4496
4506
4494
4522
4464
4524
4476
4492
4468
4538
4470
4494
4482
4482
4436
4520
4492
4484
4498
4472
4460
4448
4554
4514
4536
4546
4502
4494
4472
4530
4498
4446
4494
4468
4518
4508
4482
4480
4496
4436
4496
4504
4502
4506
4474
4446
4466
4444
4492
4492
4470
4478
4480
4490
4476
4178
4442
4496
4404
4502
4492
4520
4500
4498
4466
4492
4194
4500
4408
4498
4506
4466
4534
4484
4480
4492
4480
4450
4474
4498
4498
4524
4476
4458
4488
4522
4542
4514
4476
4522
4514
4552
4468
4512
4568
4520
4544
4522
4576
4534
4200
4528
4476
4488
4520
4456
4478
4478
4452
4474
4206
4480
4550
4520
4184
4540
4510
4482
4518
4536
4526
4494
4516
4538
4400
4476
4496
4532
4516
4512
4492
4494
4492
4438
4478
4438
4502
4512
4500
4514
4464
4498
4498
4480
4528
4532
4484
4492
4488
4480
4496
4480
4436
4426
4444
4510
4170
4506
4492
4496
4474
4456
4492
4502
4518
4498
4464
4512
4418
4476
4450
4484
4444
4494
4462
4454
4478
4478
4490
4472
4470
4534
4498
4516
4430
4458
4480
4500
4452
4540
4470
4446
4476
4508
4450
4474
4480
4488
4474
4462
4486
4444
4500
4496
4462
