-5982
-5976
-6012
-5992
-6000
-6066
-6010
-5960
-6010
-5982
-6010
-6022
-6014
-5942
-5980
-5956
-5972
-6010
-6034
-5988
-6018
-6028
-5980
-5998
-5968
-5998
-5986
-6028
-5986
-5992
-5964
-5968
-5984
-6002
-5982
-6006
-6040
-5992
-5984
-5970
-5940
-5974
-5994
-5982
-6030
-6006
-5994
-6002
-5982
-5956
-6018
-5986
-6014
-5922
-5960
-6044
-6016
-6026
-6052
-6012
-6072
-5998
-6052
-6026
-6024
-6030
-6008
-5988
-6018
-6244
-6004
-6028
-6008
-5998
-6000
-6060
-6042
-6052
-6022
-6042
-5992
-6050
-6058
-6004
-6018
-6070
-6004
-6018
-6002
-5984
-6036
-5956
-5978
-5964
-5948
-6046
-6024
-5994
-5916
-5998
-5986
-6004
-6048
-6008
-5974
-6004
-6018
-6040
-5972
-6022
-6044
-5994
-5990
-6014
-5992
-6044
-6020
-6052
-6010
-6004
-6092
-6038
-5948
-6022
-6072
-6024
-6040
-6066
-6034
-6054
-6034
-6040
-5982
-6046
-5986
-6048
-5974
-6062
-6086
-6038
-5964
-6060
-6040
-6040
-6002
-6038
-5994
-6046
-6034
-6030
-6014
-6080
-5970
-6052
-6002
-6018
-6056
-6002
-6030
-6066
-5986
-5970
-6066
-5972
-6028
-6004
-5966
-6010
-5952
-6012
-5960
-6052
-5990
-6042
-6030
-6048
-6008
-5996
-5962
-5982
-6024
-6018
-6040
-6036
-5992
-6020
-6050
-6012
-6046
-6046
-6030
-5974
-6022
-5970
-5980
-6046
-5964
-6014
-6022
-5960
-5986
-6016
-5980
-6054
-5990
-6040
-5988
-6072
-6020
-6022
-6038
-5982
-6010
-6000
-5972
-6014
-6046
-6074
-6006
-6002
-6004
-5986
-6054
-6028
-6064
-6028
-6014
-6092
-6016
-5996
-6030
-6018
-5972
-5948
-6026
-5984
-5976
-5962
-5912
-5956
-5996
-6018
-5970
-5970
-6002
-6022
-5950
-6016
-5958
-5996
-5976
-5964
-5962
-5930
-5948
-5956
-6014
-5978
-6000
-5992
-6038
-5958
-5968
-5970
-6052
-5984
-6008
-5976
-5932
-5940
-5964
-6008
-5992
-5980
-6026
-6000
-6010
-6034
-6020
-6000
-5978
-6028
-6004
-6020
-6006
-6004
-6042
-6010
-6026
-5994
-5992
-5960
-5996
-5942
-6034
-6008
-6016
-5998
-6036
-6054
-6040
-6016
-6044
-6028
-6082
-6026
-6022
-6068
-6038
-6040
-6030
-6006
-6018
-6058
-6022
-6016
-6012
-6036
-6004
-5992
-6032
-6076
-6054
-6042
-6008
-6070
-6042
-6016
-6030
-6034
-6028
-6068
-5978
-5994
-6042
-6034
-6022
-6092
-6102
-5998
-6044
-6060
-6090
-6032
-6066
-6038
-6062
-6094
-6072
-6034
-6090
-6044
-6026
-6038
-6046
-6028
-6058
-6070
-6052
-6042
-6032
-6026
-6008
-6100
-6060
-6018
-5994
-6028
-6052
-6062
-6058
-6032
-6008
-6202
-6006
-6210
-6058
-6042
-6066
-6012
-6054
-6046
-6038
-6058
-5982
-5994
-6066
-6058
-6000
-5974
-6266
-6040
-6062
-6048
-6082
-5978
-6070
-6022
-5996
-6050
-6024
-6008
-6046
-6100
-6038
-6038
-6052
-6098
-6098
-6036
-6054
-6048
-5998
-6040
-6042
-6004
-6014
-6028
-6066
-6012
-6036
-6004
-6048
-6026
-6030
-6020
-5972
-6052
-5988
-5962
-6010
-6056
-6038
-6052
-6080
-6076
-6010
-5998
-5998
-5998
-5978
-5946
-6014
-5998
-6012
-6056
-6026
-6022
-5992
-6214
-5982
-6042
-6000
-6036
-6064
-6020
-6034
-6014
-6008
-6042
-6006
-5996
-6056
-5996
-6056
-5998
-6048
-6040
-6018
-5996
-5994
-6026
-6044
-5998
-6030
-6002
-5988
-6042
-6044
-6020
-6058
-5976
-5978
-6026
-6002
-6006
-6018
-6066
-5966
-6060
-6064
-6024
-6046
-6012
-6074
-5996
-6092
-5990
-6046
-6028
-6052
-6056
-6048
-6036
-6022
-6064
-6022
-6068
-6000
-6080
-6056
-6010
-6018
-6046
-6016
-6026
-6036
-6002
-6024
-6016
-6058
-6006
-6040
-6002
-5998
-6044
-6248
-6048
-5980
-5982
-6052
-6076
-6088
-6030
-6084
-6074
-6032
-6016
-5978
-6020
-6040
-6024
-6030
-6050
-6034
-6026
-6048
-6014
-6036
-6024
-5982
-5956
-6036
-6002
-5982
-6000
-5966
-6000
-6026
-5974
-6056
-6024
-5990
-6032
-6044
-6034
-6032
-6038
-5996
-6002
-6014
-6052
-6042
-5990
-6020
-6064
-6056
-5974
-6052
-6068
-5976
-6002
-6004
-6030
-5982
-5992
-5994
-6034
-6010
-6042
-6038
-6018
-6038
-6008
-6020
-6006
-6038
-6072
-6002
-6050
-6056
-6036
-6036
-6060
-6182
-5976
-5978
-5998
-6002
-6072
-6022
-6018
-6014
-6016
-6052
-6008
-6040
-5992
-6068
-6052
-6028
-6036
-5992
-6020
-5972
-5996
-6074
-6052
-5998
-6034
-6032
-6038
-6022
-6050
-6020
-6028
-6062
-6070
-6064
-6052
-6034
-6040
-6032
-6042
-6050
-6066
-6030
-6038
-6044
-6202
-6030
-6018
-6008
-5988
-6030
-6052
-6090
-6036
-5978
-6160
-6042
-5990
-6022
-6292
-6034
-6014
-6042
-6004
-6008
-6020
-6082
-6000
-5986
-5996
-6036
-6022
-5994
-6030
-5986
-6032
-6008
-6044
-6028
-6026
-6040
-6050
-6032
-6018
-6006
-5972
-5976
-6038
-6028
-5982
-6002
-6010
-6024
-5960
-5998
-6014
-6004
-6068
-5988
-6082
-6010
-6198
-5986
-6042
-6058
-5982
-6014
-5994
-6026
-5986
-6028
-5990
-6024
-6022
-5976
-5942
-6008
-6048
-5980
-5998
-5980
-5926
-6008
-5978
-5982
-5992
-5948
-6072
-6008
-6004
-5954
-5996
-6084
-6024
-6024
-6038
-6048
-5976
-5966
-6018
-6002
-5994
-6022
-5948
-6010
-5984
-6000
-6014
-6020
-6036
