76776
76776
76792
76781
76749
76755
76776
76765
76755
76792
76781
76787
76787
76819
76797
76787
76803
76797
76792
76781
76781
76787
76803
76856
76824
76792
76803
76792
76787
76813
76824
76824
76861
76856
76861
76861
76878
76845
76840
76861
76872
76953
76947
76910
76872
76883
76942
76910
76920
76931
76920
76947
76985
76942
76953
76920
76926
76888
76894
76867
76920
76883
76878
76910
76931
76931
76936
76910
76910
76910
76915
76899
76894
76915
76915
76942
76915
76936
76883
76910
76947
76926
76942
76920
76926
76936
76958
76920
76926
76920
76942
76958
76915
76969
76953
76910
76931
76915
76926
76904
76942
76915
76910
76915
76990
76920
76926
76953
76958
76910
76958
76942
76936
76947
76979
76936
76931
76953
76942
76985
76942
76979
76958
76958
76936
76958
76926
76979
76953
76920
76942
76995
76953
76947
76942
76979
76931
76926
76942
76931
76931
76931
76915
76931
76931
76931
76872
76947
76926
76894
76942
76942
76942
76953
76947
76936
76926
76920
76926
76920
76931
76931
76947
76953
76947
76947
76958
76979
76947
76947
76958
76958
76942
76958
76947
76899
76974
76958
76958
76947
76974
76963
76910
76963
77001
76963
76974
76963
76953
76969
76990
76958
76969
77011
76969
76958
76979
76974
76947
76990
76974
76942
76958
77011
76936
76942
76947
76942
76953
76920
76963
76974
76958
76947
76920
76963
76958
76947
76974
76947
76963
76936
76936
76936
76947
76969
76942
76931
76958
76947
76947
76963
76990
76974
76974
76947
76990
77011
76953
76947
76969
76953
76969
76953
76963
76995
76974
76910
76990
77001
77006
77001
76936
77001
77043
77001
76953
76990
76974
76947
76990
77006
77001
77006
76995
76985
76990
76990
76979
76969
76969
76985
76936
76904
77006
76995
76995
76995
77054
77001
76985
76953
76990
76979
77001
77001
76979
77011
77027
76979
77006
77001
77001
76985
76990
76990
77017
76979
76990
76969
76990
76878
76985
76985
76958
76969
76990
76979
77011
76985
76953
76985
77011
77022
76995
77011
76995
76985
76974
77017
77017
77001
76969
76985
77001
76990
76985
76985
76969
77001
76985
76995
76985
77006
76985
76990
76985
76985
76985
76963
76995
76942
76990
76985
76942
77001
76995
76995
77006
76990
77001
76979
77001
76985
77006
77011
76974
76979
76969
76979
77006
76974
76985
77006
76990
76969
76990
76974
76985
76985
76963
77027
76974
77001
76990
76974
76974
76974
76974
76969
77001
76979
76985
76963
76985
77011
77006
77022
77022
77011
76969
77001
77017
77011
77027
77001
77043
76990
76990
77011
76974
77006
76969
76969
76990
77011
77006
76995
77001
76974
77022
76969
76963
76995
76969
77011
76958
76979
76995
76995
76963
76979
77001
76969
76974
76979
76942
76947
76963
77006
76963
76926
76958
76953
76910
76963
76936
76931
76953
76947
76953
76926
76942
76958
76963
76915
76936
76888
76936
76910
76936
76953
76915
76953
76888
76888
76926
76969
76926
76926
76926
76915
76910
76888
76910
76904
76888
76910
76894
76910
76936
76894
76894
76899
76894
76878
76888
76888
76861
76899
76894
76894
76910
76888
76872
76894
76845
76888
76888
76878
76904
76899
76878
76899
76942
76904
76894
76878
76904
76888
76894
76910
76872
76851
76931
76894
76888
76920
76851
76926
76878
76888
76888
76904
76878
76872
76851
76872
76872
76888
76867
76888
76888
76888
76883
76878
76931
76904
76894
76888
76872
76894
76883
76878
76840
76888
76883
76872
76888
76888
76894
76835
76888
76878
76894
76883
76856
76872
76883
76883
76867
76878
76888
76910
76867
76856
76888
76942
76883
76878
76878
76878
76872
76883
76878
76861
76851
76856
76883
76899
76899
76835
76856
76878
76835
76878
76888
76861
76867
76840
76872
76878
76867
76883
76899
76845
76872
76861
76867
76878
76872
76872
76872
76872
76867
76856
76861
76878
76867
76904
76856
76883
76894
76867
76851
76835
76878
76883
76883
76878
76851
76888
76936
76878
76878
76888
76915
76931
76872
76894
76883
76867
76856
76872
76878
76829
76888
76861
76872
76861
76872
76878
76899
76910
76867
76872
76904
76888
76888
76861
76872
76878
76861
76867
76861
76872
76867
76872
76894
76872
76861
76867
76867
76878
76883
76867
76878
76867
76845
76867
76840
76888
76867
76856
76878
76856
76883
76851
76867
76883
76861
76888
76867
76883
76883
76867
76904
76872
76888
76851
76883
76861
76878
76888
76835
76888
76894
76813
76899
76872
76835
76861
76872
76888
76867
76851
76953
76872
76878
76856
76840
76883
76845
76867
76872
76878
76872
76878
76894
76867
76861
76883
76867
76888
76888
76888
76883
76878
76872
76878
76878
76883
76894
76867
76878
76872
76878
76872
76872
76899
76829
76845
76872
76888
76888
76861
76851
76867
76894
76867
76840
76867
76878
76867
76878
76899
76835
76872
76872
76872
76878
76872
76872
76856
