101807
101807
101806
101808
101806
101806
101807
101805
101806
101808
101808
101809
101812
101809
101811
101810
101806
101809
101809
101810
101806
101810
101811
101809
101808
101808
101812
101812
101811
101811
101812
101809
101810
101807
101808
101810
101807
101809
101808
101811
101809
101810
101811
101811
101813
101811
101811
101811
101811
101811
101810
101812
101811
101809
101809
101808
101811
101811
101808
101810
101809
101813
101812
101809
101815
101812
101812
101808
101810
101811
101813
101808
101812
101808
101809
101807
101812
101810
101808
101808
101809
101812
101807
101810
101810
101810
101809
101807
101810
101810
101811
101810
101813
101811
101815
101812
101813
101813
101811
101815
101810
101812
101812
101812
101812
101811
101812
101814
101812
101814
101813
101815
101814
101811
101812
101815
101813
101816
101817
101820
101817
101816
101815
101818
101818
101816
101816
101817
101813
101817
101816
101819
101819
101818
101814
101817
101812
101811
101813
101814
101813
101812
101810
101810
101811
101813
101810
101813
101812
101811
101812
101810
101810
101813
101812
101809
101812
101809
101812
101813
101814
101812
101811
101812
101812
101809
101815
101815
101815
101815
101815
101814
101816
101816
101815
101809
101814
101814
101816
101818
101817
101816
101816
101815
101818
101818
101816
101812
101815
101815
101814
101816
101814
101814
101813
101813
101815
101814
101815
101816
101814
101816
101809
101815
101811
101814
101814
101815
101815
101813
101813
101812
101809
101815
101815
101816
101814
101814
101816
101817
101811
101816
101817
101814
101815
101818
101818
101815
101815
101817
101816
101818
101816
101819
101817
101815
101817
101818
101816
101817
101815
101816
101814
101812
101814
101819
101815
101816
101816
101819
101815
101814
101816
101815
101814
101813
101813
101815
101815
101817
101815
101815
101817
101814
101818
101815
101813
101817
101825
101823
101820
101823
101818
101818
101821
101820
101820
101819
101819
101821
101817
101820
101822
101821
101821
101819
101817
101817
101821
101821
101822
101821
101820
101822
101818
101822
101821
101817
101820
101818
101817
101820
101818
101817
101819
101819
101819
101822
101816
101821
101820
101821
101819
101823
101818
101817
101819
101820
101819
101824
101822
101821
101821
101821
101823
101822
101825
101821
101823
101822
101821
101819
101817
101817
101821
101819
101819
101819
101819
101819
101819
101821
101821
101820
101821
101821
101821
101823
101823
101822
101823
101822
101824
101821
101823
101822
101825
101822
101823
101825
101829
101825
101824
101823
101825
101825
101826
101821
101823
101823
101823
101823
101823
101825
101822
101823
101821
101824
101825
101823
101820
101823
101821
101823
101825
101824
101825
101823
101824
101827
101823
101823
101824
101825
101824
101824
101825
101825
101825
101825
101823
101824
101822
101824
101824
101823
101822
101823
101825
101824
101826
101824
101824
101822
101824
101824
101825
101819
101822
101821
101821
101820
101824
101823
101820
101822
101821
101823
101819
101820
101821
101820
101821
101822
101819
101823
101821
101820
101819
101821
101820
101822
101821
101824
101821
101822
101827
101824
101828
101824
101825
101826
101827
101829
101828
101826
101827
101828
101826
101825
101827
101827
101825
101827
101827
101824
101827
101827
101827
101827
101829
101825
101828
101827
101831
101830
101828
101827
101829
101828
101822
101825
101827
101824
101826
101827
101827
101825
101828
101822
101827
101824
101824
101824
101827
101826
101827
101827
101823
101827
101826
101826
101826
101824
101827
101826
101829
101829
101831
101827
101827
101830
101830
101827
101828
101829
101826
101828
101827
101830
101827
101827
101828
101829
101829
101825
101834
101833
101830
101831
101831
101827
101828
101830
101833
101830
101834
101830
101833
101833
101831
101828
101833
101828
101830
101829
101831
101828
101826
101830
101830
101830
101831
101830
101829
101829
101829
101831
101832
101830
101832
101832
101829
101832
101834
101832
101832
101832
101830
101831
101831
101831
101832
101831
101829
101835
101836
101837
101839
101840
101835
101837
101833
101830
101831
101829
101830
101830
101832
101830
101835
101832
101829
101831
101833
101832
101832
101834
101830
101833
101833
101830
101831
101831
101831
101832
101832
101831
101827
101833
101834
101834
101833
101838
101835
101830
101833
101834
101834
101831
101831
101832
101830
101831
101832
101832
101833
101832
101832
101832
101835
101831
101833
101832
101833
101835
101830
101832
101832
101835
101831
101832
101833
101831
101834
101834
101832
101835
101836
101836
101831
101836
101836
101836
101835
101834
101834
101833
101834
101835
101838
101840
101839
101840
101842
101839
101840
101837
101841
101836
101839
101843
101840
101835
101836
101839
101840
101836
101837
101835
101835
101835
101837
101835
101836
101836
101840
101836
101838
101835
101834
101835
101835
101837
101836
101835
101836
101837
101840
101839
101836
101835
101841
101832
101837
101838
101836
101839
101839
101838
101839
101835
101837
101837
101836
101838
101839
101839
101836
101836
101836
101837
101839
101839
101836
101837
101836
101836
101837
101834
101839
101837
101837
101837
101837
101836
101835
101838
101835
101837
101836
101835
101837
101837
101837
101837
101838
101836
101839
101838
101835
101836
101836
101834
