1030
1030
1030
1030
1014
1014
1014
1014
980
884
1046
950
982
982
997
1062
1030
1014
997
1030
1014
1014
1046
1030
1030
982
982
966
1030
786
964
997
1014
997
997
997
997
997
982
1014
1030
982
1014
1046
1030
997
966
966
1046
868
996
997
997
1014
1014
997
982
1014
997
947
966
1014
982
982
997
1030
1030
966
1014
1030
997
997
982
966
966
820
996
997
835
1030
966
982
982
1014
1046
1030
1030
997
997
997
997
1030
1030
997
1014
982
982
1046
884
947
997
1030
1030
1014
997
934
950
982
982
1014
997
1030
1030
997
1014
1014
1014
1014
1046
1030
997
982
982
947
947
996
980
916
1046
966
1014
997
1030
1014
997
997
1014
1030
1030
982
997
982
997
1062
950
982
820
1062
982
982
982
950
982
982
997
835
964
982
997
1046
966
982
997
1030
1014
997
1014
997
997
934
1030
1046
966
996
932
1062
982
982
982
1030
1030
1014
997
1014
1014
1014
1030
1030
980
997
996
786
950
982
997
1014
1030
1030
1014
997
997
1030
1030
997
1030
982
982
966
1030
980
982
997
982
966
982
997
1030
1030
1014
997
1014
1014
1030
932
980
1012
868
932
1046
966
982
997
982
1030
1030
1014
982
1030
1030
982
966
980
947
868
1094
982
966
982
982
1030
1014
997
997
1014
1014
1030
1014
820
916
932
964
738
1078
966
966
982
1014
997
966
1014
1030
1030
982
997
820
966
852
820
1014
966
966
1014
1030
1030
1030
997
966
1030
1030
997
1014
982
966
997
918
947
996
982
964
950
982
982
982
1030
1030
1030
1030
997
982
1030
1030
997
982
982
997
1062
868
980
1014
982
982
932
966
1030
982
982
982
1014
997
1030
1030
1046
997
997
997
1030
1030
982
982
966
997
1030
835
932
996
980
820
918
1030
982
982
997
1014
997
1030
1030
997
966
1030
1030
1030
1014
1014
982
982
982
966
1014
900
788
947
982
996
982
997
997
997
980
900
1078
997
982
982
982
1014
1030
1062
1030
1030
1014
997
997
1014
1030
1030
1030
997
1014
982
982
982
1014
1030
820
964
997
966
1030
997
1030
1030
1030
1046
1014
1030
982
1030
982
1030
1030
1030
1030
1030
1030
1030
1030
1030
1030
1030
1030
1030
1014
1030
1030
1030
1030
1030
997
1030
1030
1030
1030
1030
1030
997
997
997
1030
1030
1030
1030
1014
1030
1030
1030
1030
1030
997
1030
1030
1030
1030
1030
1030
1030
1030
1030
1030
1030
1030
1030
1030
997
1014
1014
1014
982
1046
1014
1046
1014
1014
1030
1062
1046
1030
1030
1030
1014
1014
1046
1030
997
1030
1030
1030
1030
1030
1030
1030
1030
1030
1030
982
997
1030
1030
1030
1030
1030
1030
1030
1030
1030
1062
1030
1030
1030
1030
1030
1030
1030
1030
1014
1030
1030
1030
1030
1030
1030
1030
1030
1030
997
1030
1030
1030
1030
1030
1014
1030
1030
1030
1030
997
1030
1030
997
1030
1062
1030
1030
1030
1030
1030
1046
1046
1046
1046
1046
1014
1046
1046
1014
1046
1046
1046
1046
1046
1030
1014
1046
1046
1046
1046
1046
1046
1046
1046
1078
1046
1046
1046
997
1046
1014
1046
1046
1046
1046
1046
1014
1046
1046
1046
1046
1046
1046
1078
1062
1046
1046
1046
1030
1030
1030
1046
1046
997
1030
997
1030
1046
1046
1046
1046
1046
1046
1046
1046
1046
1046
1046
1046
1046
1030
1030
1030
1030
1062
1030
1030
1062
1030
1030
1046
1046
1046
1046
1046
1046
1046
1046
1046
1046
1046
1046
1046
1046
1046
1046
1046
1046
1030
1046
1046
1046
1046
1046
1046
1046
1046
1046
1046
1046
1014
1046
1046
1046
1046
1046
1046
1046
1046
1014
1046
1030
1030
1030
1030
1030
1030
997
1030
1046
1030
1030
1030
1030
1030
1030
1030
1030
982
1030
1014
1046
997
1030
1030
1030
1030
1030
1030
1030
1030
1030
1030
1030
1062
1030
1030
1062
1030
1030
1030
1062
1030
1030
1030
1030
1030
1030
1030
1030
1030
1030
1030
1030
1030
1030
1030
1030
1030
1030
1030
1030
1030
1030
1030
997
1030
1030
1030
1030
1030
1030
1030
1030
997
1030
1030
1030
1030
