6805
6846
6920
6917
6867
6888
6880
6770
6873
6856
6869
6771
6902
6831
6761
6861
6826
6873
6820
6786
6805
6792
6814
6819
6894
6903
6863
6860
6882
6879
6782
6836
6825
6893
6875
6901
6812
6787
6806
6804
6869
6888
6872
6881
6799
6827
6843
6781
6876
6783
6745
6821
6882
6804
6888
6787
7078
6834
6713
6850
6760
7097
6831
6875
6827
6814
6799
6781
6794
6771
6828
6849
6736
6791
6820
6843
6772
6726
6741
6706
6760
6845
6767
6841
6789
6791
6823
6814
6739
6901
6890
6814
6742
6796
6825
6885
6832
6804
6760
6845
6877
6839
6808
6786
6857
6801
6808
6838
6820
6724
6715
6868
6818
6853
6882
6825
6926
6751
6775
6829
6725
6731
6857
6835
6802
6844
6810
6832
6830
6770
6731
6706
6840
6869
6856
6848
6755
6744
6765
6729
6846
6907
6819
6792
6896
6832
6808
6869
6739
6787
6787
6878
6786
6829
6813
6750
6825
6830
6778
6848
6910
6865
6859
6855
6857
6761
6862
6844
6817
6920
6905
6832
6815
6816
6787
6777
6834
6788
6812
6792
6933
6853
6797
6866
6834
6852
6899
7127
6930
6873
6876
6884
6907
6885
6879
6960
6785
6804
6849
6778
6846
6871
6982
6770
6738
6827
6836
6740
6822
6831
6718
6765
6851
6798
6774
6832
6846
6865
6852
6919
6858
6773
6839
6754
6852
6856
6835
6892
6892
6819
6771
6857
6838
6842
6805
6783
6701
6867
6825
6762
6831
6851
6807
6856
6802
6782
6816
6718
6823
6752
6723
6775
6776
6774
6797
6771
6821
6778
6807
6781
6818
6785
6820
6756
6893
6819
6774
6829
6745
6835
6829
6753
6747
6884
6786
6885
6719
6899
6714
6882
6787
6728
6742
6736
6861
6790
6829
6824
6877
6812
6831
6879
6855
6813
6816
6879
6809
6806
6841
6769
6911
6732
6891
6723
6881
6819
6814
6740
6814
6779
6776
6776
6858
6724
6888
6852
6718
6854
6766
6864
6812
6784
6830
6787
6807
6791
6755
6808
6810
6800
6764
6830
6794
6758
6838
6846
6805
6817
6894
6822
6971
6764
6895
6828
6832
6891
6782
6833
6807
6789
6718
6747
6776
6897
6773
6850
6771
6784
6947
6857
6952
6880
6810
6854
6774
6781
6946
6870
6840
6847
6919
6851
6878
7140
6824
6828
6861
6821
6813
6887
6812
6805
6831
6967
6848
6903
6749
6891
6810
6748
6801
6829
7087
6816
6782
6776
6792
6877
6861
6865
6815
6839
6775
6794
6785
6775
6933
6740
6834
6836
6944
7118
6891
6883
6822
6837
6758
6793
6802
6833
6840
6816
6827
6757
6889
6843
6836
6759
6799
6774
6844
6808
6814
6823
6799
6833
6827
6818
6867
6832
6920
6824
6837
6929
6812
6854
6936
6818
6841
6817
6809
6822
6847
6832
6793
6757
6815
6685
6817
6734
6782
6773
6806
6723
6732
6770
6804
6847
6796
6783
6707
6842
6812
6759
6761
6774
6890
6807
6815
6706
6837
6824
6785
6753
6762
6830
6850
6829
6792
6856
6883
6759
6734
6776
6740
6926
6847
6807
6812
6805
6762
6728
6844
6777
6800
6811
6814
6885
6836
6920
6905
6847
6863
6732
6819
6884
6905
6826
6780
6924
6820
6856
6810
6930
6863
6717
6871
6861
6829
6811
6778
6809
6910
6864
6863
6824
6880
6907
6935
6830
6790
6801
6865
6716
6803
6818
6829
6854
6842
6818
6945
6835
6910
6825
6822
6870
6758
6836
6931
6859
7006
6774
6851
6887
6810
6868
6879
6973
6937
6868
6807
6847
6871
6930
6963
6890
6758
6818
6803
6802
6766
6823
6798
6876
6702
6792
6818
6819
6763
6723
6821
6765
6719
6771
6707
6725
6841
6875
6773
6736
6833
6855
6825
6866
6810
6783
6862
6781
6778
6782
6831
6774
6773
6799
6814
6792
6755
6814
6729
6781
6856
6703
6721
6831
6874
6813
6757
6740
6838
6794
6726
6870
6764
6797
6669
6808
6785
6905
6850
6755
6727
6741
6756
6733
6787
6734
6782
6705
6764
6729
6823
6696
6810
6715
6702
6771
6706
6786
6814
6728
6720
6754
6694
6851
6763
6763
6786
6793
6692
6669
6795
6779
6833
6775
6732
6778
6642
6800
6663
6782
6787
6842
6796
6760
6954
6693
6823
6725
6653
6669
6708
6772
6721
6794
6718
6785
6779
6770
6722
6835
6771
6792
6780
6731
6807
6715
6791
6790
6761
6869
6663
6731
6775
