-13948
-13946
-13970
-13952
-13924
-13980
-13964
-13942
-13924
-13910
-13934
-13952
-13916
-13934
-14012
-13942
-13964
-13954
-13948
-13950
-13980
-13944
-13950
-13944
-13930
-13968
-13902
-13964
-13952
-13944
-13996
-13988
-13934
-13940
-13908
-13942
-13964
-13976
-13986
-13900
-13950
-13918
-13928
-13954
-13922
-13982
-13948
-13960
-13932
-13940
-13918
-13930
-13924
-13942
-13944
-13958
-14258
-13954
-13942
-13918
-13968
-14224
-13942
-13926
-13926
-13930
-13930
-13924
-13918
-13920
-13942
-13908
-13908
-13914
-13920
-13980
-13978
-13920
-13916
-13940
-13902
-13898
-13976
-13920
-13922
-13938
-13950
-13884
-13936
-13928
-13934
-13940
-13972
-13912
-13924
-13922
-13926
-13982
-13926
-13940
-13892
-14004
-13940
-13936
-13924
-13928
-13922
-13948
-13924
-13936
-13936
-13908
-13968
-13924
-14000
-13970
-13920
-13920
-13934
-13906
-13986
-13958
-13920
-13952
-13934
-13930
-13892
-13972
-13908
-13944
-13916
-13952
-13952
-13920
-13922
-13910
-13940
-13970
-13954
-13914
-13912
-13946
-13956
-13916
-13938
-13892
-13966
-13972
-13914
-13932
-13940
-13958
-13942
-13924
-13960
-14004
-13902
-13956
-13918
-13914
-13970
-13940
-13906
-13922
-13964
-13912
-13936
-13898
-13940
-14000
-13968
-13936
-13988
-13976
-13990
-13984
-13940
-13944
-13902
-13996
-13968
-13952
-13988
-13992
-13990
-13984
-13972
-14274
-14018
-13970
-13932
-13954
-13956
-13948
-13936
-14010
-14038
-13970
-13992
-13938
-13952
-13958
-14214
-13938
-13934
-13972
-13956
-13940
-13976
-13948
-13910
-13958
-13932
-13976
-13962
-13984
-14032
-13940
-13964
-13950
-13962
-13948
-14000
-13952
-13954
-13956
-13936
-13944
-13958
-13962
-13944
-13920
-13970
-13968
-13942
-13982
-13914
-13956
-13944
-14006
-14012
-13962
-14014
-13978
-13958
-14002
-13986
-13964
-13992
-14004
-13978
-14026
-13982
-13978
-13962
-13954
-13926
-13972
-13968
-13918
-13944
-13932
-13926
-13944
-13912
-13996
-13934
-13994
-13962
-13944
-13966
-13964
-14006
-13976
-13996
-13990
-13982
-13966
-14014
-13956
-13954
-13966
-13996
-13960
-13974
-13968
-13990
-13966
-14004
-13956
-14002
-14024
-14020
-13996
-14004
-14018
-13954
-14026
-13960
-13988
-13982
-13964
-13980
-14000
-13960
-13934
-14016
-13982
-14026
-14004
-14014
-13984
-13958
-13998
-13986
-13964
-14004
-13994
-13956
-13970
-13998
-13966
-13976
-13954
-13986
-13980
-13990
-13934
-13934
-13960
-13950
-13910
-13992
-13960
-13950
-13956
-13964
-13956
-14026
-13982
-14000
-13944
-14002
-14002
-13952
-13998
-13960
-14010
-13984
-13938
-14020
-13996
-14016
-13988
-13942
-13960
-13976
-13910
-13960
-13964
-13978
-13932
-13942
-13910
-13936
-13980
-13934
-13954
-14010
-14008
-13960
-13932
-13956
-14270
-13940
-13964
-14010
-13992
-13920
-13920
-13986
-13994
-13982
-13952
-13912
-13928
-13918
-13902
-13966
-13984
-14000
-13964
-14210
-13944
-13972
-13976
-13968
-13948
-13940
-13942
-13944
-13952
-13926
-13962
-13952
-13926
-13974
-13988
-13996
-13912
-13924
-14246
-13896
-13956
-13932
-14032
-13942
-13930
-13952
-13920
-13982
-14010
-13964
-14018
-13974
-13932
-13992
-14000
-13918
-13946
-13924
-13950
-13984
-13956
-13976
-13956
-13974
-13940
-13972
-13966
-13916
-13964
-14006
-13976
-13934
-13960
-13934
-13978
-13940
-13938
-13924
-13960
-13916
-13920
-13964
-13928
-13996
-13956
-13950
-13978
-13950
-13982
-13964
-13948
-13970
-13932
-13964
-13984
-13906
-13986
-13942
-14008
-13968
-13906
-13944
-13910
-13956
-13960
-13894
-13998
-13888
-13984
-13942
-13942
-13910
-13962
-13952
-13876
-14018
-13982
-13956
-13972
-13990
-13968
-13948
-13984
-13962
-13942
-13910
-13978
-13932
-13990
-13954
-13978
-13964
-13896
-13996
-13986
-13932
-13964
-13964
-13974
-13962
-13880
-13948
-13960
-13906
-13958
-13902
-13972
-13916
-13910
-13936
-13888
-13884
-13924
-13950
-13968
-13966
-14000
-13990
-13950
-13974
-13974
-14010
-13968
-13962
-13992
-13950
-13990
-13952
-13936
-13904
-13970
-13918
-13994
-13986
-13932
-13934
-13942
-13956
-13916
-13988
-13966
-13964
-13966
-13904
-13952
-13978
-13948
-13974
-13972
-13930
-13956
-13932
-13916
-13942
-13916
-13936
-13920
-13972
-13970
-13934
-13932
-13940
-13894
-13912
-13890
-13922
-13926
-13936
-13884
-13940
-13854
-13884
-13942
-13962
-13888
-13930
-13928
-13948
-13930
-13962
-13938
-13984
-13964
-13876
-13930
-13950
-13938
-13964
-13934
-13866
-13928
-13896
-13964
-13982
-13970
-13894
-13972
-13906
-13908
-13956
-13988
-13952
-13956
-13940
-13898
-13968
-13944
-13964
-13964
-13928
-13982
-13944
-13962
-13928
-13932
-13882
-13944
-13958
-13924
-13942
-13910
-13944
-13878
-13950
-13904
-13930
-13948
-13918
-13942
-13966
-13958
-13964
-13976
-13870
-13968
-13936
-13976
-13944
-13962
-14000
-13946
-13936
-13958
-13958
-13880
-13942
-13946
-13936
-13894
-13912
-13966
-13958
-13974
-13950
-13940
-13910
-13942
-13928
-13988
-13988
-13958
-13926
-13950
-13916
-13888
-13944
-13914
-13904
-13948
-13928
-13934
-14236
-13938
-13910
-13970
-13960
-13948
-13934
-13946
-13970
-13982
-13974
-13928
-13924
-13980
-13998
-13972
-13964
-13960
-14006
-14012
-13938
-13932
-13916
-13970
-13958
-13976
-13954
-14004
-13966
