4804
4832
4836
4824
4800
4820
4742
4804
4876
4834
4808
4804
4808
4780
4812
4754
4804
4834
4832
4782
4842
4792
4830
4794
4762
4720
4758
4800
4778
4760
4772
4780
4788
4758
4778
4798
4740
4730
4752
4770
4790
4762
4764
4822
4792
4808
4828
4722
4770
4812
4790
4798
4766
4838
4778
4802
4592
4868
4800
4746
4864
4600
4848
4754
4782
4788
4806
4780
4824
4740
4772
4766
4756
4802
4736
4748
4842
4800
4822
4790
4776
4818
4808
4794
4816
4776
4768
4772
4756
4742
4760
4748
4788
4732
4808
4812
4774
4818
4684
4744
4776
4790
4744
4720
4760
4776
4814
4738
4774
4734
4766
4808
4808
4850
4794
4784
4814
4790
4764
4772
4788
4738
4828
4786
4794
4782
4738
4786
4768
4766
4702
4740
4834
4786
4788
4816
4780
4758
4820
4806
4778
4740
4814
4792
4760
4750
4806
4774
4720
4818
4788
4742
4766
4830
4734
4802
4762
4770
4796
4702
4778
4780
4728
4748
4698
4768
4762
4788
4738
4730
4784
4776
4760
4730
4754
4806
4762
4776
4764
4778
4774
4800
4762
4788
4788
4760
4784
4578
4776
4748
4766
4792
4784
4784
4786
4732
4792
4776
4764
4780
4792
4750
4626
4736
4826
4776
4760
4840
4834
4812
4788
4812
4786
4810
4804
4810
4790
4776
4818
4822
4790
4800
4786
4776
4838
4784
4738
4742
4774
4744
4772
4806
4790
4774
4808
4814
4744
4774
4734
4790
4752
4774
4784
4774
4762
4836
4778
4800
4824
4790
4764
4774
4764
4806
4790
4782
4758
4738
4764
4740
4732
4786
4770
4772
4766
4780
4818
4774
4738
4804
4806
4830
4780
4726
4730
4772
4782
4776
4758
4794
4758
4784
4716
4760
4766
4764
4778
4720
4768
4828
4722
4876
4760
4836
4776
4756
4764
4718
4684
4814
4752
4838
4776
4802
4762
4852
4766
4796
4770
4774
4752
4716
4786
4762
4728
4760
4704
4762
4768
4720
4722
4836
4818
4728
4734
4792
4722
4786
4742
4754
4794
4754
4778
4788
4784
4752
4796
4806
4784
4796
4806
4784
4738
4770
4754
4802
4724
4762
4758
4746
4738
4736
4776
4776
4748
4778
4738
4772
4762
4704
4778
4790
4804
4764
4766
4794
4790
4788
4762
4772
4836
4760
4762
4610
4742
4756
4680
4752
4752
4780
4764
4792
4732
4812
4754
4790
4794
4828
4792
4734
4800
4824
4566
4702
4774
4802
4804
4782
4810
4804
4776
4800
4798
4784
4792
4828
4858
4764
4796
4804
4796
4572
4786
4790
4796
4792
4806
4788
4806
4770
4808
4794
4758
4790
4790
4692
4784
4804
4764
4764
4766
4776
4728
4798
4822
4772
4764
4768
4796
4714
4770
4780
4798
4766
4770
4760
4754
4830
4744
4798
4742
4772
4786
4808
4762
4754
4804
4772
4800
4768
4754
4800
4796
4826
4800
4790
4852
4782
4814
4794
4820
4768
4778
4848
4746
4772
4746
4784
4794
4766
4772
4774
4832
4768
4794
4748
4756
4800
4736
4746
4748
4774
4786
4800
4760
4768
4764
4754
4778
4752
4780
4768
4748
4804
4790
4804
4786
4744
4766
4784
4712
4786
4758
4716
4752
4776
4756
4708
4752
4738
4764
4760
4720
4740
4852
4748
4758
4790
4774
4762
4786
4782
4874
4730
4704
4780
4840
4784
4760
4800
4754
4770
4768
4810
4768
4768
4796
4778
4768
4764
4770
4738
4768
4772
4790
4722
4792
4792
4748
4756
4740
4754
4760
4782
4740
4754
4762
4760
4776
4736
4716
4786
4752
4778
4744
4722
4740
4778
4744
4734
4778
4740
4812
4790
4808
4736
4782
4758
4832
4770
4772
4788
4742
4832
4786
4666
4786
4794
4738
4844
4808
4746
4782
4774
4798
4786
4774
4734
4778
4748
4846
4790
4760
4796
4790
4772
4768
4750
4730
4800
4760
4816
4808
4806
4798
4800
4804
4804
4788
4734
4738
4822
4816
4794
4762
4728
4792
4704
4812
4756
4782
4750
4794
4760
4784
4726
4782
4838
4776
4822
4754
4694
4740
4784
4812
4774
4766
4818
4796
4796
4792
4772
4820
4816
4808
4810
4808
4774
4720
4782
4788
4816
4838
4840
4762
4782
4786
4812
4696
4800
4788
4786
4778
4746
4574
4802
4756
4790
4780
4770
4794
4808
4786
4750
4800
4820
4794
4802
4750
4782
4798
4760
4822
4780
4798
4736
4846
4754
4798
4770
4826
4780
4816
