101721
101720
101718
101718
101719
101717
101722
101720
101720
101720
101721
101717
101721
101719
101716
101720
101721
101722
101718
101720
101721
101722
101720
101718
101718
101717
101718
101720
101722
101721
101721
101721
101725
101724
101724
101721
101722
101722
101721
101720
101721
101722
101721
101724
101722
101720
101724
101723
101724
101723
101724
101723
101723
101724
101724
101726
101723
101724
101725
101724
101725
101725
101722
101723
101724
101724
101723
101723
101723
101725
101726
101722
101725
101725
101723
101719
101721
101722
101722
101721
101722
101724
101723
101722
101724
101723
101723
101724
101723
101725
101723
101723
101724
101723
101723
101724
101727
101723
101723
101725
101725
101722
101724
101729
101724
101726
101726
101727
101729
101726
101727
101726
101730
101729
101727
101725
101728
101729
101733
101731
101729
101730
101729
101729
101728
101729
101728
101732
101731
101728
101728
101724
101728
101725
101727
101726
101723
101724
101722
101726
101727
101725
101723
101723
101725
101725
101726
101729
101725
101726
101726
101728
101726
101724
101724
101726
101725
101726
101725
101726
101725
101725
101727
101725
101724
101727
101725
101728
101728
101727
101728
101730
101727
101725
101722
101726
101726
101727
101727
101727
101728
101733
101727
101731
101726
101728
101727
101728
101730
101727
101729
101729
101727
101726
101727
101728
101727
101726
101727
101725
101727
101728
101727
101727
101727
101726
101730
101723
101726
101726
101726
101727
101726
101728
101725
101724
101726
101731
101728
101727
101728
101728
101728
101729
101729
101727
101728
101729
101729
101727
101728
101730
101731
101731
101729
101729
101729
101727
101731
101732
101731
101730
101731
101725
101729
101728
101728
101730
101728
101730
101729
101727
101730
101728
101727
101732
101730
101729
101729
101729
101729
101730
101731
101737
101733
101734
101733
101737
101736
101735
101734
101734
101735
101735
101735
101734
101737
101736
101732
101731
101736
101733
101731
101734
101734
101734
101733
101734
101734
101734
101733
101733
101734
101734
101738
101734
101736
101734
101735
101735
101736
101736
101736
101730
101734
101732
101731
101734
101736
101732
101731
101733
101735
101735
101734
101735
101732
101730
101733
101733
101731
101735
101737
101738
101739
101736
101734
101734
101734
101735
101736
101735
101733
101734
101732
101733
101732
101734
101740
101738
101738
101737
101737
101736
101737
101736
101737
101740
101738
101737
101735
101738
101737
101738
101735
101737
101737
101739
101738
101733
101733
101734
101735
101733
101731
101733
101735
101732
101734
101733
101733
101734
101740
101733
101733
101735
101736
101738
101735
101731
101730
101731
101730
101731
101730
101734
101734
101734
101735
101732
101732
101736
101733
101735
101733
101733
101734
101736
101736
101735
101736
101737
101735
101736
101736
101735
101737
101736
101738
101736
101737
101739
101738
101739
101739
101740
101737
101739
101739
101740
101738
101737
101741
101738
101740
101742
101741
101740
101740
101742
101744
101743
101741
101741
101740
101742
101741
101740
101732
101734
101736
101735
101739
101741
101739
101737
101740
101739
101739
101738
101738
101733
101739
101735
101737
101738
101732
101740
101740
101740
101739
101732
101734
101741
101739
101740
101739
101740
101739
101738
101740
101739
101740
101742
101742
101735
101740
101736
101739
101743
101736
101738
101742
101743
101736
101737
101743
101742
101744
101741
101746
101744
101741
101737
101743
101736
101744
101744
101740
101744
101743
101745
101743
101745
101739
101739
101736
101740
101746
101745
101739
101745
101737
101737
101739
101743
101739
101743
101746
101746
101741
101739
101740
101741
101742
101742
101747
101744
101741
101745
101741
101743
101742
101742
101738
101746
101739
101742
101742
101740
101747
101738
101743
101750
101746
101742
101741
101742
101744
101740
101740
101738
101742
101742
101742
101738
101741
101742
101741
101739
101740
101738
101739
101740
101743
101740
101744
101743
101744
101745
101744
101741
101743
101741
101743
101742
101743
101742
101743
101742
101740
101743
101742
101743
101742
101742
101743
101743
101743
101742
101743
101745
101738
101740
101738
101740
101742
101741
101739
101741
101740
101741
101739
101743
101737
101740
101739
101736
101740
101742
101739
101741
101742
101743
101743
101744
101742
101744
101743
101744
101745
101745
101743
101744
101745
101749
101748
101746
101750
101748
101750
101746
101749
101747
101748
101748
101747
101748
101748
101748
101750
101749
101743
101747
101744
101746
101744
101745
101743
101746
101744
101741
101743
101747
101746
101746
101744
101744
101746
101744
101744
101745
101743
101744
101745
101748
101745
101742
101745
101746
101745
101747
101744
101744
101746
101744
101748
101744
101744
101743
101745
101745
101745
101746
101746
101745
101743
101743
101744
101747
101740
101741
101744
101744
101746
101745
101741
101746
101742
101742
101743
101745
101743
101744
101747
101746
101745
101746
101741
101743
101743
101745
101748
