2656
2656
2656
2656
2656
2655
2656
2656
2656
2656
2656
2655
2656
2655
2655
2654
2654
2655
2654
2654
2652
2654
2653
2654
2653
2653
2653
2653
2653
2652
2652
2652
2652
2652
2652
2652
2652
2651
2651
2652
2652
2651
2651
2651
2651
2651
2651
2650
2651
2651
2650
2650
2651
2651
2651
2651
2651
2651
2651
2649
2650
2650
2649
2650
2650
2650
2650
2649
2650
2650
2650
2649
2650
2650
2650
2649
2649
2650
2649
2649
2649
2649
2649
2649
2649
2649
2649
2649
2649
2649
2649
2649
2649
2649
2650
2649
2649
2649
2649
2649
2649
2649
2649
2649
2649
2648
2648
2649
2649
2649
2650
2649
2649
2648
2649
2649
2649
2649
2648
2649
2649
2649
2649
2649
2649
2649
2649
2649
2649
2648
2648
2649
2649
2649
2648
2648
2648
2649
2649
2649
2649
2649
2649
2649
2649
2649
2649
2648
2649
2649
2648
2648
2649
2649
2649
2648
2649
2649
2649
2649
2649
2649
2649
2649
2649
2648
2648
2648
2648
2649
2648
2648
2648
2648
2648
2648
2648
2648
2647
2648
2648
2648
2648
2647
2647
2648
2648
2648
2647
2648
2648
2647
2648
2647
2647
2647
2647
2648
2647
2647
2647
2648
2647
2647
2647
2647
2648
2647
2647
2647
2647
2647
2647
2647
2647
2647
2647
2647
2647
2647
2647
2647
2646
2647
2648
2647
2647
2647
2647
2647
2647
2647
2647
2647
2647
2647
2647
2646
2647
2647
2646
2646
2647
2646
2646
2647
2647
2646
2647
2647
2647
2646
2647
2646
2646
2646
2646
2646
2647
2646
2646
2646
2646
2645
2646
2646
2646
2646
2646
2646
2646
2646
2646
2646
2646
2646
2646
2647
2646
2646
2646
2646
2646
2646
2646
2645
2646
2645
2645
2645
2646
2646
2646
2645
2646
2646
2646
2646
2646
2646
2646
2646
2646
2646
2645
2646
2646
2646
2646
2646
2646
2646
2646
2646
2646
2646
2646
2646
2646
2646
2646
2646
2646
2646
2646
2646
2646
2645
2646
2646
2646
2646
2646
2646
2646
2646
2646
2646
2645
2646
2646
2645
2646
2645
2645
2645
2645
2645
2645
2645
2645
2645
2645
2645
2645
2645
2645
2644
2645
2644
2644
2644
2642
2644
2644
2644
2644
2644
2644
2643
2644
2644
2644
2644
2644
2644
2643
2643
2643
2644
2644
2644
2644
2644
2644
2645
2645
2644
2645
2645
2645
2644
2645
2645
2645
2645
2645
2645
2644
2645
2645
2645
2645
2645
2645
2645
2644
2645
2645
2645
2645
2645
2645
2645
2645
2645
2645
2645
2646
2645
2645
2645
2645
2645
2645
2645
2645
2645
2645
2645
2644
2645
2645
2645
2645
2645
2645
2645
2644
2644
2644
2644
2645
2645
2645
2645
2645
2645
2645
2645
2645
2644
2645
2644
2644
2644
2644
2644
2644
2644
2645
2644
2644
2644
2645
2644
2644
2645
2645
2645
2644
2645
2645
2644
2644
2644
2645
2644
2644
2645
2644
2644
2644
2645
2644
2644
2645
2644
2644
2644
2644
2645
2645
2644
2645
2644
2644
2645
2644
2645
2645
2644
2644
2645
2644
2644
2644
2644
2644
2645
2644
2645
2644
2644
2644
2645
2644
2644
2644
2645
2644
2644
2644
2644
2644
2644
2644
2644
2644
2644
2644
2644
2643
2644
2644
2645
2644
2644
2644
2644
2644
2644
2644
2643
2643
2644
2644
2644
2644
2644
2644
2644
2644
2644
2643
2644
2644
2644
2644
2644
2644
2644
2644
2643
2644
2643
2643
2643
2643
2644
2643
2644
2644
2644
2644
2644
2643
2643
2643
2643
2642
2643
2643
2643
2643
2644
2643
2643
2644
2643
2643
2644
2644
2644
2644
2644
2644
2644
2644
2644
2644
2644
2644
2644
2644
2643
2644
2644
2644
2643
2643
2644
2644
2644
2644
2644
2643
2643
2644
2642
2643
2643
2644
2643
2642
2643
2643
2643
2643
2643
2643
2642
2642
2642
2643
2643
2643
2643
2643
2643
2643
2642
2642
2643
2643
2643
2643
2643
2643
2643
2643
2641
2642
2643
2643
2643
2643
2642
2642
2641
2642
2641
2641
2642
2641
2643
2643
2642
2643
2643
2642
2643
2641
2641
2642
2642
2642
2641
2641
2641
2641
2643
2642
2642
2642
2642
2642
2642
2641
2641
2642
2642
2642
2641
2642
2642
2642
2642
2642
2642
2642
2642
2642
2642
2642
2643
2642
2642
2642
2642
2642
2643
2643
