959
959
997
959
959
959
959
959
959
951
988
878
860
838
870
910
943
927
966
854
628
918
926
966
950
982
943
966
966
674
854
893
943
935
927
966
935
918
927
943
885
731
918
934
942
926
950
982
935
910
935
935
942
942
934
910
771
900
885
943
950
918
918
934
934
927
982
918
862
764
932
918
950
934
934
934
918
788
870
918
902
943
902
918
927
918
927
943
893
918
822
902
918
950
942
966
910
774
790
893
934
934
934
934
774
885
893
910
895
966
927
943
910
966
927
878
820
885
934
910
942
966
950
870
814
893
964
893
935
918
966
950
966
943
932
806
803
964
934
966
966
934
747
918
893
951
935
966
893
964
966
943
902
893
885
788
910
885
934
934
837
854
932
947
878
927
927
935
926
943
885
878
717
862
926
934
934
934
790
878
966
966
935
927
972
982
926
935
902
798
821
934
966
918
932
926
860
828
903
927
885
918
935
926
902
918
725
918
934
934
926
966
926
910
835
892
885
935
934
966
918
910
918
966
934
878
766
910
934
942
885
942
918
875
790
885
893
950
918
910
895
862
828
918
950
918
926
885
790
910
878
910
903
918
966
893
876
692
885
903
943
895
918
935
910
927
989
950
893
902
774
845
950
934
934
934
980
910
829
828
885
893
935
918
927
927
935
910
980
943
902
868
779
902
934
980
966
966
942
927
926
805
812
908
885
885
943
966
934
935
927
927
950
972
951
885
932
804
926
966
942
893
942
964
878
750
822
885
885
982
927
918
927
966
910
935
902
918
714
822
893
903
943
918
927
935
966
918
982
943
885
893
854
893
951
966
838
723
910
966
927
926
926
951
959
959
959
997
982
959
959
959
959
959
959
997
959
959
959
910
982
959
910
959
910
959
959
951
997
951
997
959
959
959
959
959
959
910
959
959
959
959
959
1005
959
959
959
959
959
959
997
959
959
959
959
959
959
959
959
959
997
997
959
910
910
910
997
967
959
959
959
959
959
967
967
959
959
997
967
959
959
959
959
997
959
997
959
959
959
959
959
959
959
959
959
910
959
959
959
959
959
959
959
959
951
959
959
1005
910
959
959
959
926
959
959
959
997
997
959
959
997
959
959
959
910
959
959
959
959
959
959
959
959
959
910
1005
959
959
959
959
997
997
910
997
959
910
997
959
959
959
959
959
959
959
959
959
959
959
967
997
967
967
967
997
997
967
951
967
967
967
997
967
967
967
997
997
967
967
997
967
967
967
967
918
967
918
967
967
967
997
967
967
967
967
967
967
967
967
997
967
967
967
967
967
967
967
1013
967
918
967
967
997
967
967
967
967
967
967
967
967
967
967
918
967
967
967
967
967
967
967
967
1013
967
967
918
967
967
967
967
967
967
967
918
967
967
918
967
967
967
967
918
967
967
967
997
967
967
967
967
967
967
967
997
997
967
1013
967
918
1013
967
967
967
967
967
997
959
967
967
967
967
997
967
967
918
967
997
967
967
967
967
950
997
967
935
943
959
997
997
997
959
997
997
997
997
997
910
959
959
959
959
959
959
959
959
959
959
959
959
959
959
959
959
959
959
1005
997
959
959
997
959
959
959
959
926
959
959
959
959
959
959
959
959
997
959
997
997
997
959
959
959
959
959
959
